3713
7805
26381
22771
20324
26496
4514
11897
3112
16208
16799
12935
5763
18631
10828
19837
4655
24384
3486
7785
2840
29982
23300
10241
19955
3744
23664
25661
27656
11548
23473
21026
23774
8440
16713
15656
2130
5209
9807
3261
29364
11506
13860
21618
24270
7406
5914
1139
15985
1320
29653
25268
17533
11703
1186
4759
413
1768
22415
23691
16733
6755
23606
25486
19610
1280
8953
7266
27044
29586
27851
6078
7074
27505
2953
17275
578
17382
6116
28111
1163
639
22651
9799
29905
23298
27609
3916
29524
3694
22344
20920
22294
4701
19073
7298
9143
27542
19762
11414
27103
20144
1066
18032
10599
10032
17332
19590
26948
26179
22925
17013
9681
7143
27667
22356
29367
4563
7485
16773
18700
29000
8033
26874
17766
9087
9574
19460
27114
23729
20199
15222
4518
15365
27695
280
14567
28004
7975
29415
26423
11337
26714
6746
20774
28677
16290
29808
5700
14063
29265
7365
17881
19592
3053
17940
20417
10875
17624
26773
3688
1907
6747
24119
6077
7016
4495
23945
26582
27441
888
4435
28224
13805
16975
29506
26304
16381
26378
1840
25787
29593
11674
16657
5743
20451
6448
13705
6652
7240
16828
12460
4547
10674
1652
22638
23273
18506
206
19209
23287
29723
20171
17852
15762
17106
20623
13264
28050
24514
26625
29318
14161
14373
9307
4348
12417
24604
12382
1823
7450
3575
20198
3723
10656
2256
8165
4733
22301
14241
12447
27177
6896
15094
28690
20423
25841
17533
6543
26824
16271
28410
26937
13911
15401
4183
18233
28027
23589
23321
18172
19705
20240
11101
1850
5526
3027
17457
26051
4634
2494
6480
14583
27183
10483
21349
19938
14569
13186
4609
17251
13184
11613
11991
2824
10904
29399
2116
11272
26770
12382
16044
27244
3931
1729
24703
26731
1570
7151
15931
13888
16135
18399
5195
17770
13087
18342
25885
2896
28052
7096
4466
8559
9113
10286
8830
4529
27851
17536
17103
19628
29251
12751
23658
8724
20953
27297
20000
26685
7122
18922
19696
11506
13370
25572
20727
13915
15948
2395
11170
95
29997
3432
5252
7302
11161
26119
16419
12056
24678
2663
5340
25272
27381
9725
23383
12887
19159
7573
20661
10774
21755
18327
23749
21100
12853
29202
21319
17471
24891
20839
23576
23027
19865
485
13564
9900
21524
29532
1273
354
15835
27296
22911
14016
7962
8444
646
19465
15881
26160
20481
11928
29345
22745
23694
18481
25934
1036
9807
21658
7855
28383
16450
28992
25242
23955
19388
5207
14925
24321
4549
29569
5792
3728
25773
22170
3526
11809
20701
15598
26707
3735
2871
27048
8103
27206
4927
5720
25351
29959
14243
943
15133
29653
6678
19066
838
26503
14778
1833
8073
16778
24715
26283
23064
25178
937
18472
1198
25166
19102
12042
5145
5869
1470
26953
4097
1536
3307
5794
5846
24518
25096
27011
29144
26782
23590
10901
7919
22068
25498
19894
2827
7211
12751
16163
7318
8739
13256
5839
25318
25015
20990
27138
28239
10999
19223
28960
3044
11645
25752
18516
19694
989
9777
1801
21589
28526
11366
10070
619
12879
8287
8868
19240
23800
1573
7725
4336
18542
21516
25810
11745
19346
19232
10104
12537
1991
232
1073
20180
29583
28536
17651
2770
21505
18466
5927
4951
728
14732
10832
5260
9339
5693
7285
8660
612
7040
20093
29449
10720
4731
7270
4852
18338
28666
20082
6011
692
5604
13391
2868
24091
1871
5649
16360
2309
912
22398
19619
11026
19898
22614
18440
1788
20040
1245
17650
2549
7782
4695
26004
3052
26792
16927
25506
21163
28254
2867
3977
14175
15712
12895
22233
16277
5971
13236
26787
13838
24398
2901
20765
17727
4342
5918
21778
3255
29556
4642
23734
24445
7545
9071
9735
18294
15912
9600
25264
27872
12993
2319
17319
18574
21870
37
24822
24017
5958
2015
9031
5519
25520
16670
24488
19154
22641
18524
23533
23264
28230
214
13845
17106
9069
29210
7077
13139
11486
3918
10609
19015
17383
8650
18361
4613
29956
26004
12352
11363
27454
11926
22631
26988
24890
9214
25608
10945
6690
18418
28783
19801
16881
4893
8114
10198
24952
20347
6818
15318
12094
7693
27178
16818
13236
5977
14451
15175
3317
25313
27834
23150
5469
17262
22521
10250
241
8233
10946
5566
4668
28789
8219
9640
17962
13277
27442
5726
9212
16294
24754
1747
25516
11536
12958
13158
28923
9326
2026
5656
18694
16495
8969
24616
4103
11993
2144
2028
6104
20194
28026
13310
22498
7034
8341
9649
19683
25512
9929
15662
29502
17231
28841
20479
21645
396
19714
21800
2145
14687
21904
27037
24010
8932
21440
13379
13074
7309
2448
7879
9059
7757
3731
29413
19609
28532
6496
15383
4946
14002
1082
9210
8130
28730
22891
24382
12947
4021
12569
2010
21434
19327
16010
10105
117
7778
23124
25621
25040
23053
23981
14734
2391
4336
25681
19687
21765
9975
25554
23502
26762
22896
14778
10582
1964
12891
25356
28755
4997
19246
4984
9153
9290
690
23565
28752
14539
29629
28328
11920
5302
29484
24043
8854
16310
14781
13561
25928
20777
20983
15310
25115
10240
4502
19756
25590
5615
18951
22064
29730
84
25548
11890
6656
14996
14620
17755
19703
18097
25338
18225
7161
11352
24833
9646
25730
2054
19689
15871
5500
475
7160
7992
3761
23895
4840
27813
25918
9040
6816
21211
21071
27254
18898
25516
1309
15422
20273
6345
10626
11770
17213
7795
29285
7497
28573
938
22822
23435
10423
14870
20439
6845
28734
23204
9860
7523
24361
9288
25857
3011
4668
4321
127
29886
18886
23962
7227
25498
7190
9244
899
10090
17018
15313
342
26639
13205
15971
21415
11319
2092
22355
13564
16196
15102
28854
29801
7512
10382
3082
28613
4284
13134
12982
4758
27120
7658
4223
28558
21277
5406
23654
14417
14774
3764
10111
25329
28876
5534
13101
3192
3808
16556
19977
3297
8436
14139
11522
29604
6011
21290
14782
6828
12415
9882
17902
19415
10001
5906
24319
23689
7130
15836
8765
573
18528
16896
1122
10745
7397
24426
13916
4989
12858
21498
21341
1704
7424
14585
8220
25111
28479
451
12969
22683
16271
7141
1037
28678
16868
22435
15407
11714
20119
14646
21795
5405
8158
2913
9102
9044
22014
10911
22853
27
6727
16699
2290
8551
18334
2380
7592
3112
14152
9178
926
9511
19361
18689
4631
3463
29949
27121
26515
21339
2150
15183
26286
4564
27844
12797
10582
917
20794
19344
7338
10149
24285
28387
21085
7760
19248
22776
27098
1691
12186
12246
23826
3922
4041
27204
28736
4688
27552
7456
14798
6649
5660
252
9857
12791
19012
2869
16446
25488
543
14434
10976
28192
29599
22422
18658
7048
2603
9105
5990
17859
16122
5977
17672
12977
15483
11760
11053
23378
4626
23075
13013
20720
22493
8303
23391
22521
20388
14704
29404
4568
527
15815
20907
26639
8513
17447
25108
915
29922
20028
26032
1716
19563
25352
4533
4696
20746
411
18080
14467
8102
21983
21435
26084
11836
29966
21454
26287
11927
1168
20673
25634
24239
2004
21856
28423
10920
12410
11687
11397
20859
25323
22604
23427
24641
23574
29661
13611
23148
17384
16702
3382
16016
6647
27125
10345
26766
11195
7777
2716
690
15978
4756
11827
18178
8382
20705
2123
27719
3925
27264
6642
25656
10164
8143
11059
6289
18889
7603
477
9971
12652
18028
3744
9653
6256
28582
14995
6200
5948
11979
12804
26952
9521
29638
10541
6654
5368
24115
20127
12530
8938
5683
9134
23678
27802
4075
9609
9294
28450
21019
9860
26291
27065
7068
13140
17575
11678
13027
25734
23691
6292
11362
29660
25085
9002
16974
20805
16437
28870
10315
25912
4573
25485
5843
17149
1713
1809
24149
17240
5628
7560
27674
17283
22146
2437
21971
15542
27276
24693
11087
26934
25166
18392
1225
7703
9141
16745
4045
15727
20140
13628
21227
24153
20765
24164
4436
25859
1988
18494
26386
22580
22927
24189
7428
26957
27698
11090
17334
17339
18712
5336
17631
26662
916
28762
5668
4394
5908
13634
25706
28191
10391
11534
10536
29959
1685
4032
1403
27203
6317
12387
20884
29362
14876
20630
13628
967
18105
12806
583
17990
6270
13644
26358
12204
20992
9919
25159
1416
9151
7192
25399
20809
10841
21089
26679
17413
22297
23832
12636
22931
17246
18518
4368
20229
13686
20438
24631
23494
841
19604
2572
15372
23697
324
23369
24378
3927
11836
22693
29333
27545
12911
7912
19937
12567
17239
25418
3463
1006
29390
15402
27349
28988
28441
8955
8834
3665
4386
29720
1084
966
29680
1111
18448
11928
19125
14364
7765
13437
5492
7668
12518
2039
4685
26754
23002
14598
23302
12759
3010
18999
20935
5482
8782
17114
21298
231
13804
18642
4414
2323
17966
3446
17295
17902
6391
17972
28131
945
674
23045
28587
23879
4030
7852
25092
1368
14618
4295
25025
14737
29337
15096
22951
22559
27906
26270
21460
15913
11943
15884
24701
20462
17408
5163
22883
12052
15028
5899
22753
24079
25475
8564
18757
24162
22530
2252
14536
18032
1283
3761
27676
11195
8449
27365
16641
10974
2085
25706
11076
4886
25064
6707
5332
6250
13526
19402
1075